0.0104	0.00083595
0.0118	0.00083583
0.0133	0.00083571
0.0147	0.00083559
0.0161	0.00083547
0.0175	0.00083535
0.019	0.00083523
0.0204	0.00083511
0.0218	0.00083499
0.0233	0.00083487
0.0247	0.00083475
0.0261	0.00083463
0.0276	0.00083451
0.029	0.00083439
0.0304	0.00083427
0.0319	0.00083415
0.0333	0.00083403
0.0347	0.00083391
0.0362	0.00083379
0.0376	0.00083367
0.039	0.00083355
0.0405	0.00083343
0.0419	0.00083331
0.0433	0.00083319
0.0448	0.00083307
0.0462	0.00083295
0.0476	0.00083283
0.0491	0.00083271
0.0505	0.00083259
0.0519	0.00083247
0.0534	0.00083235
0.0548	0.00083223
0.0562	0.00083211
0.0577	0.00083199
0.0591	0.00083187
0.0605	0.00083175
0.062	0.00083163
0.0634	0.00083152
0.0648	0.0008314
0.0663	0.00083128
0.0677	0.00083116
0.0691	0.00083104
0.0706	0.00083092
0.072	0.0008308
0.0734	0.00083068
0.0749	0.00083056
0.0763	0.00083044
0.0777	0.00083032
0.0792	0.0008302
0.0806	0.00083008
0.082	0.00082996
0.0835	0.00082984
0.0849	0.00082972
0.0863	0.0008296
0.0877	0.00082948
0.0892	0.00082936
0.0906	0.00082924
0.092	0.00082912
0.0935	0.000829
0.0949	0.00082888
0.0963	0.00082876
0.0977	0.00082864
0.0992	0.00082852
0.1006	0.0008284
0.1021	0.00082828
0.1035	0.00082816
0.1049	0.00082804
0.1064	0.00082792
0.1078	0.0008278
0.1092	0.00082768
0.1107	0.00082756
0.1121	0.00082744
0.1135	0.00082732
0.115	0.0008272
0.1164	0.00082708
0.1178	0.00082696
0.1193	0.00082684
0.1207	0.00082672
0.1221	0.0008266
0.1236	0.00082648
0.125	0.00082636
0.1264	0.00082624
0.1279	0.00082612
0.1293	0.000826
0.1307	0.00082588
0.1322	0.00082576
0.1336	0.00082564
0.135	0.00082552
0.1365	0.0008254
0.1379	0.00082528
0.1393	0.00082516
0.1408	0.00082504
0.1421	0.00082492
0.1436	0.0008248
0.1451	0.00082468
0.1465	0.00082456
0.1479	0.00082444
0.1494	0.00082432
0.1508	0.0008242
0.1522	0.00082408
0.1537	0.00082396
0.1551	0.00082384
0.1565	0.00082372
0.158	0.0008236
0.1594	0.00082348
0.1608	0.00082336
0.1622	0.00082324
0.1637	0.00082312
0.1651	0.000823
0.1665	0.00082288
0.168	0.00082276
0.1694	0.00082264
0.1708	0.00082252
0.1723	0.0008224
0.1737	0.00082228
0.1751	0.00082216
0.1766	0.00082204
0.178	0.00082192
0.1794	0.0008218
0.1809	0.00082168
0.1823	0.00082156
0.1837	0.00082144
0.1852	0.00082132
0.1865	0.0008212
0.188	0.00082108
0.1895	0.00082096
0.1909	0.00082085
0.1923	0.00082073
0.1938	0.00082061
0.1952	0.00082049
0.1966	0.00082037
0.1981	0.00082025
0.1995	0.00082013
0.2009	0.00082001
0.2024	0.00081989
0.2038	0.00081977
0.2052	0.00081965
0.2067	0.00081953
0.2081	0.00081941
0.2095	0.00081929
0.211	0.00081917
0.2124	0.00081905
0.2138	0.00081893
0.2153	0.00081881
0.2167	0.00081869
0.2181	0.00081857
0.2196	0.00081845
0.221	0.00081833
0.2224	0.00081821
0.2239	0.00081809
0.2253	0.00081797
0.2267	0.00081785
0.2282	0.00081773
0.2296	0.00081761
0.231	0.00081749
0.2324	0.00081737
0.2339	0.00081725
0.2353	0.00081713
0.2367	0.00081701
0.2382	0.00081689
0.2396	0.00081677
0.241	0.00081665
0.2425	0.00081653
0.2439	0.00081641
0.2453	0.00081629
0.2468	0.00081617
0.2482	0.00081605
0.2496	0.00081593
0.2511	0.00081581
0.2525	0.00081569
0.2539	0.00081557
0.2554	0.00081545
0.2568	0.00081533
0.2582	0.00081521
0.2597	0.00081509
0.261	0.00081497
0.2625	0.00081485
0.264	0.00081473
0.2654	0.00081461
0.2668	0.00081449
0.2683	0.00081437
0.2697	0.00081425
0.2711	0.00081413
0.2726	0.00081401
0.274	0.00081389
0.2753	0.00081377
0.2769	0.00081365
0.2783	0.00081353
0.2797	0.00081341
0.2812	0.00081329
0.2826	0.00081317
0.284	0.00081305
0.2854	0.00081293
0.2869	0.00081281
0.2883	0.00081269
0.2898	0.00081257
0.2912	0.00081245
0.2926	0.00081233
0.2941	0.00081221
0.2955	0.00081209
0.2969	0.00081197
0.2984	0.00081185
0.2998	0.00081173
0.3012	0.00081161
0.3026	0.00081149
0.3041	0.00081137
0.3054	0.00081125
0.3069	0.00081113
0.3084	0.00081101
0.3098	0.00081089
0.3112	0.00081077
0.3127	0.00081065
0.3141	0.00081053
0.3155	0.00081041
0.317	0.00081029
0.3184	0.00081017
0.3197	0.00081006
0.3213	-0.000026885
0.3227	-0.000027005
0.3241	-0.000027125
0.3256	-0.000027245
0.327	-0.000027364
0.3284	-0.000027484
0.3299	-0.000027604
0.3313	-0.000027724
0.3327	-0.000027844
0.3342	-0.000027964
0.3356	-0.000028084
0.337	-0.000028204
0.3385	-0.000028324
0.3399	-0.000028443
0.3413	-0.000028563
0.3428	-0.000028683
0.3442	-0.000028803
0.3456	-0.000028923
0.3471	-0.000029043
0.3485	-0.000029163
0.3498	-0.000029283
0.3514	-0.000029403
0.3528	-0.000029522
0.3542	-0.000029642
0.3557	-0.000029762
0.3571	-0.000029882
0.3585	-0.000030002
0.3599	-0.000030122
0.3614	-0.000030242
0.3628	-0.000030362
0.3643	-0.000030482
0.3657	-0.000030601
0.3671	-0.000030721
0.3686	-0.000030841
0.37	-0.000030961
0.3714	-0.000031081
0.3729	0.00080562
0.3728	0.0041529
0.3743	0.013354047
0.3757	0.024236364
0.3771	0.033866667
0.3785	0.04306
0.38	0.0506
0.3799	0.0548
0.3814	0.060633333
0.3828	0.070675
0.3841	0.0803
0.3856	0.08909
0.3871	0.09745
0.3885	0.106658333
0.3899	0.116272727
0.3913	0.125908333
0.3928	0.13175
0.3927	0.135528571
0.3942	0.14264
0.3956	0.151841667
0.397	0.161472727
0.3984	0.1711
0.3999	0.17945
0.4013	0.187409091
0.4027	0.197033333
0.4041	0.206654545
0.4055	0.216283333
0.407	0.22465
0.4083	0.2326
0.4098	0.241809091
0.4112	0.251416667
0.4127	0.260211111
0.4126	0.2648
0.4141	0.269
0.4155	0.276954545
0.4169	0.286136364
0.4183	0.295354545
0.4198	0.304572727
0.4212	0.3125125
0.4226	0.320454545
0.424	0.330075
0.4255	0.3393
0.4254	0.3439
0.4269	0.3485
0.4283	0.356
0.4297	0.364391667
0.4311	0.374018182
0.4325	0.383227273
0.434	0.391577778
0.4354	0.399122222
0.4368	0.407490909
0.4383	0.4167
0.4397	0.425909091
0.4411	0.434255556
0.4425	0.441811111
0.444	0.4464
0.4439	0.451011111
0.4454	0.459381818
0.4468	0.468563636
0.4482	0.476525
0.4496	0.48406
0.4511	0.492836364
0.4525	0.502036364
0.4539	0.51082
0.4553	0.518375
0.4567	0.5259
0.4582	0.534675
0.4596	0.5377
0.461	0.5357
0.4625	0.5309
0.4639	0.526314286
0.4653	0.523
0.4654	0.52046
0.4668	0.515866667
0.4682	0.510816667
0.4697	0.5066
0.4711	0.50288
0.4725	0.498266667
0.474	0.493266667
0.4754	0.48825
0.4769	0.48405
0.4783	0.479883333
0.4797	0.47526
0.4812	0.470666667
0.4826	0.46645
0.484	0.46272
0.4855	0.458116667
0.4868	0.45352
0.4884	0.448916667
0.4898	0.445133333
0.4912	0.4418
0.4927	0.4372
0.4941	0.43258
0.4955	0.428825
0.4956	0.4267
0.4969	0.42465
0.4984	0.42088
0.4999	0.4167
0.5013	0.4125
0.5027	0.40834
0.5042	0.40455
0.5056	0.4008
0.507	0.39658
0.5085	0.39244
0.5099	0.388625
0.5114	0.385325
0.5128	0.38154
0.5142	0.377775
0.5157	0.37402
0.5171	0.37025
0.5185	0.3669
0.52	0.36312
0.5213	0.35935
0.5229	0.35558
0.5243	0.35185
0.5257	0.3489
0.5272	0.34556
0.5286	0.3418
0.53	0.33804
0.5314	0.334666667
0.5329	0.33175
0.5343	0.3292
0.5344	0.3276
0.5358	0.32462
0.5372	0.32085
0.5387	0.317933333
0.5401	0.315025
0.5415	0.311675
0.543	0.308325
0.5444	0.304975
0.5457	0.302033333
0.5473	0.299125
0.5487	0.29575
0.5502	0.292425
0.5516	0.28905
0.553	0.2861
0.5545	0.283225
0.5558	0.2803
0.5573	0.27735
0.5588	0.274025
0.5602	0.271066667
0.5615	0.268566667
0.5631	0.26565
0.5645	0.2623
0.5659	0.259366667
0.5674	0.256866667
0.5688	0.2543
0.5703	0.251425
0.5716	0.2485
0.5731	0.245966667
0.5746	0.243466667
0.576	0.240966667
0.5774	0.238025
0.5789	0.2351
0.5803	0.2326
0.5817	0.230066667
0.5832	0.227566667
0.5846	0.225066667
0.5861	0.222125
0.5875	0.2196
0.5889	0.217533333
0.5904	0.215033333
0.5918	0.2125
0.5932	0.209966667
0.5947	0.207466667
0.596	0.204966667
0.5975	0.202466667
0.599	0.199933333
0.6004	0.197433333
0.6018	0.19535
0.6033	0.193266667
0.6047	0.19115
0.6061	0.189066667
0.6076	0.186533333
0.609	0.18445
0.6105	0.182366667
0.6118	0.179866667
0.6133	0.1778
0.6148	0.175633333
0.6162	0.1736
0.6176	0.1715
0.6191	0.1694
0.6205	0.1673
0.6219	0.1648
0.6234	0.1631
0.6248	0.161466667
0.6261	0.15935
0.6277	0.157266667
0.6291	0.154766667
0.6305	0.1531
0.632	0.1514
0.6334	0.1493
0.6349	0.147233333
0.6362	0.14515
0.6377	0.14345
0.6392	0.14175
0.6406	0.1401
0.642	0.138033333
0.6435	0.1359
0.6449	0.13425
0.6463	0.1326
0.6478	0.1309
0.6492	0.12925
0.6505	0.12755
0.6521	0.1259
0.6535	0.1242
0.6549	0.12255
0.6564	0.12085
0.6578	0.1192
0.6592	0.1175
0.6606	0.11585
0.6621	0.1142
0.6635	0.1125
0.665	0.1112
0.6663	0.11
0.6679	0.10825
0.6693	0.10665
0.6707	0.10495
0.6722	0.1037
0.6736	0.10245
0.675	0.1008
0.6764	0.0991
0.6779	0.0979
0.6793	0.0966
0.6808	0.0949
0.6822	0.09325
0.6836	0.092
0.6851	0.09075
0.6865	0.0895
0.6879	0.0882
0.6894	0.08655
0.6907	0.0853
0.6922	0.08405
0.6937	0.0828
0.6951	0.08155
0.6965	0.0803
0.698	0.079
0.6994	0.0778
0.7008	0.0765
0.7023	0.0753
0.7037	0.07395
0.705	0.0727
0.7066	0.0719
0.708	0.07065
0.7094	0.0694
0.7109	0.06815
0.7123	0.0669
0.7137	0.066
0.7151	0.0652
0.7166	0.06395
0.718	0.0627
0.7195	0.06145
0.7208	0.0602
0.7224	0.0594
0.7238	0.0581
0.7252	0.0568
0.7267	0.056
0.7281	0.0552
0.7295	0.0543
0.7309	0.0531
0.7324	0.0518
0.7338	0.051
0.7353	0.0501
0.7367	0.0493
0.7381	0.0485
0.7396	0.0476
0.741	0.0468
0.7424	0.04555
0.7439	0.0443
0.7452	0.0435
0.7467	0.0426
0.7482	0.0418
0.7496	0.0409
0.751	0.0401
0.7525	0.0393
0.7539	0.0384
0.7553	0.038
0.7568	0.0372
0.7582	0.03635
0.7596	0.0355
0.761	0.0342
0.7625	0.0342
0.7639	0.0334
0.7654	0.0326
0.7668	0.0317
0.7682	0.0309
0.7697	0.0301
0.7711	0.0301
0.7725	0.0292
0.774	0.0284
0.7753	0.0276
0.7768	0.0263
0.7783	0.02545
0.7797	0.025
0.7811	0.025
0.7826	0.0242
0.784	0.0234
0.7854	0.0225
0.7869	0.0217
0.7883	0.0217
0.7896	0.0209
0.7912	0.02
0.7926	0.0192
0.794	0.0192
0.7955	0.0183
0.7969	0.0175
0.7983	0.0167
0.7997	0.0167
0.8012	0.0158
0.8026	0.015
0.8041	0.0142
0.8054	0.0142
0.8069	0.0133
0.8084	0.0125
0.8098	0.0125
0.8112	0.0116
0.8127	0.0108
0.8141	0.0108
0.8155	0.0099736
0.817	0.0099735
0.8184	0.0091365
0.8197	0.0082996
0.8213	0.0082995
0.8227	0.0074625
0.8241	0.0074624
0.8256	0.0066255
0.827	0.0057885
0.8284	0.0057884
0.8298	0.0049515
0.8313	0.0049514
0.8327	0.0041144
0.8342	0.0041143
0.8356	0.0032774
0.837	0.0024404
0.8385	0.0024403
0.8399	0.0024402
0.8413	0.0016032
0.8428	0.0016031
0.8441	0.00076618
0.8456	-0.000070764
0.8471	-0.000070884
0.8485	-0.000071004
0.8498	-0.000071124
0.8514	-0.000071244
0.8528	-0.000071363
0.8542	-0.000071483
0.8557	-0.000071603
0.8571	-0.000071723
0.8585	-0.000071843
0.8599	-0.000071963
0.8614	-0.000072083
0.8628	-0.000072203
0.8643	-0.000072323
0.8657	-0.000072442
0.8671	-0.000072562
0.8686	-0.000072682
0.87	-0.000072802
0.8714	-0.000072922
0.8729	-0.000073042
0.8742	-0.000073162
0.8757	-0.000073282
0.8771	-0.000073402
0.8786	-0.000073521
0.88	-0.000073641
0.8814	-0.000073761
0.8829	-0.000073881
0.8843	-0.000074001
0.8857	-0.000074121
0.8872	-0.000074241
0.8885	-0.000074361
0.89	-0.000074481
0.8915	-0.0000746
0.8929	-0.00007472
0.8942	-0.00007484
0.8958	-0.00007496
0.8972	-0.00007508
0.8986	-0.0000752
0.9001	-0.00007532
0.9015	-0.00007544
0.9029	-0.00007556
0.9043	-0.000075679
0.9058	-0.000075799
0.9072	-0.000075919
0.9087	-0.000076039
0.9101	-0.000076159
0.9115	-0.000076279
0.913	-0.000076399
0.9144	-0.000076519
0.9158	-0.000076639
0.9173	-0.000076758
0.9186	-0.000076878
0.9201	-0.000076998
0.9216	-0.000077118
0.923	-0.000077238
0.9243	-0.000077358
0.9259	-0.000077478
0.9273	-0.000077598
0.9287	-0.000077718
0.9302	-0.000077837
0.9316	-0.000077957
0.933	-0.000078077
0.9344	-0.000078197
0.9359	-0.000078317
0.9373	-0.000078437
0.9388	-0.000078557
0.9402	-0.000078677
0.9416	-0.000078797
0.9431	-0.000078916
0.9445	-0.000079036
0.9459	-0.000079156
0.9473	-0.000079276
0.9487	-0.000079396
0.9502	-0.000079516
0.9516	-0.000079636
0.9531	-0.000079756
0.9545	-0.000079876
0.9559	-0.000079995
0.9574	-0.000080115
0.9588	-0.000080235
0.9602	-0.000080355
0.9617	-0.000080475
0.963	-0.000080595
0.9645	-0.000080715
0.966	-0.000080835
0.9674	-0.000080955
0.9687	-0.000081074
0.9703	-0.000081194
0.9717	-0.000081314
0.9731	-0.000081434
0.9746	-0.000081554
0.976	-0.000081674
0.9774	-0.000081794
0.9788	-0.000081914
0.9803	-0.000082034
0.9817	-0.000082153
0.9832	-0.000082273
0.9846	-0.000082393
0.986	-0.000082513
0.9875	-0.000082633
0.9889	-0.000082753
0.9903	-0.000082873
0.9918	-0.000082993
0.9931	-0.000083113
0.9946	-0.000083232
0.9961	-0.000083352
0.9975	-0.000083472
0.9989	-0.000083592
1.0004	-0.000083712
1.0018	-0.000083832
1.0032	-0.000083952
1.0047	-0.000084072
1.0061	-0.000084192
1.0075	-0.000084311
1.009	-0.000084431
1.0104	-0.000084551
1.0118	-0.000084671
1.0133	-0.000084791
1.0147	-0.000084911
1.0161	-0.000085031
1.0176	-0.000085151
1.019	-0.000085271
1.0204	-0.00008539
1.0218	-0.00008551
1.0233	-0.00008563
1.0247	-0.00008575
1.0261	-0.00008587
1.0276	-0.00008599
1.029	-0.00008611
1.0304	-0.00008623
1.0319	-0.00008635
1.0333	-0.000086469
1.0347	-0.000086589
1.0362	-0.000086709
1.0376	-0.000086829
1.039	-0.000086949
1.0405	-0.000087069
1.0419	-0.000087189
1.0433	-0.000087309
1.0448	-0.000087429
1.0462	-0.000087548
1.0476	-0.000087668
1.0491	-0.000087788
1.0505	-0.000087908
1.0519	-0.000088028
1.0534	-0.000088148
1.0548	-0.000088268
1.0562	-0.000088388
1.0577	-0.000088508
1.0591	-0.000088627
1.0605	-0.000088747
1.062	-0.000088867
1.0634	-0.000088987
1.0648	-0.000089107
1.0663	-0.000089227
1.0677	-0.000089347
1.0691	-0.000089467
1.0706	-0.000089587
1.072	-0.000089706
1.0734	-0.000089826
1.0749	-0.000089946
1.0763	-0.000090066
1.0777	-0.000090186
1.0792	-0.000090306
1.0806	-0.000090426
1.082	-0.000090546
1.0835	-0.000090666
1.0849	-0.000090785
1.0863	-0.000090905
1.0878	-0.000091025
1.0892	-0.000091145
1.0906	-0.000091265
1.092	-0.000091385
1.0935	-0.000091505
1.0949	-0.000091625
1.0963	-0.000091745
1.0977	-0.000091864
1.0992	-0.000091984
1.1006	-0.000092104
1.1021	-0.000092224
1.1035	-0.000092344
1.1049	-0.000092464
1.1064	-0.000092584
1.1078	-0.000092704
1.1092	-0.000092823
1.1107	-0.000092943
1.1121	-0.000093063
1.1135	-0.000093183
1.115	-0.000093303
1.1164	-0.000093423
1.1178	-0.000093543
1.1193	-0.000093663
1.1207	-0.000093783
1.1221	-0.000093902
1.1236	-0.000094022
1.125	-0.000094142
1.1264	-0.000094262
1.1279	-0.000094382
1.1293	-0.000094502
1.1307	-0.000094622
1.1322	-0.000094742
1.1336	-0.000094862
1.135	-0.000094981
1.1365	-0.000095101
1.1379	-0.000095221
1.1393	-0.000095341
1.1408	-0.000095461
1.1421	-0.000095581
1.1436	-0.000095701
1.1451	-0.000095821
1.1465	-0.000095941
1.1479	-0.00009606
1.1494	-0.00009618
1.1508	-0.0000963
1.1522	-0.00009642
1.1537	-0.00009654
1.1551	-0.00009666
1.1565	-0.00009678
1.158	-0.0000969
1.1594	-0.00009702
1.1608	-0.000097139
1.1622	-0.000097259
1.1637	-0.000097379
1.1651	-0.000097499
1.1665	-0.000097619
1.168	-0.000097739
1.1694	-0.000097859
1.1708	-0.000097979
1.1723	-0.000098099
1.1737	-0.000098218
1.1751	-0.000098338
1.1766	-0.000098458
1.178	-0.000098578
1.1794	-0.000098698
1.1809	-0.000098818
1.1823	-0.000098938
1.1837	-0.000099058
1.1852	-0.000099178
1.1865	-0.000099297
1.188	-0.000099417
1.1895	-0.000099537
1.1909	-0.000099657
1.1923	-0.000099777
1.1938	-0.000099897
1.1952	-0.00010002
1.1966	-0.00010014
1.1981	-0.00010026
1.1995	-0.00010038
1.2009	-0.0001005
1.2024	-0.00010062
1.2038	-0.00010074
1.2052	-0.00010086
1.2067	-0.00010098
1.2081	-0.0001011
1.2095	-0.00010122
1.211	-0.00010134
1.2124	-0.00010146
1.2138	-0.00010158
1.2153	-0.0001017
1.2167	-0.00010182
1.2181	-0.00010194
1.2196	-0.00010205
1.221	-0.00010217
1.2224	-0.00010229
1.2239	-0.00010241
1.2253	-0.00010253
1.2267	-0.00010265
1.2282	-0.00010277
1.2296	-0.00010289
1.231	-0.00010301
1.2324	-0.00010313
1.2339	-0.00010325
1.2353	-0.00010337
1.2367	-0.00010349
1.2382	-0.00010361
1.2396	-0.00010373
1.241	-0.00010385
1.2425	-0.00010397
1.2439	-0.00010409
1.2453	-0.00010421
1.2468	-0.00010433
1.2482	-0.00010445
1.2496	-0.00010457
1.2511	-0.00010469
1.2525	-0.00010481
1.2539	-0.00010493
1.2554	-0.00010505
1.2568	-0.00010517
1.2582	-0.00010529
1.2597	-0.00010541
1.261	-0.00010553
1.2625	-0.00010565
1.264	-0.00010577
1.2654	-0.00010589
1.2668	-0.00010601
1.2683	-0.00010613
1.2697	-0.00010625
1.2711	-0.00010637
1.2726	-0.00010649
1.274	-0.00010661
1.2753	-0.00010673
1.2769	-0.00010685
1.2783	-0.00010697
1.2797	-0.00010709
1.2812	-0.00010721
1.2826	-0.00010733
1.284	-0.00010745
1.2854	-0.00010757
1.2869	-0.00010769
1.2883	-0.00010781
1.2898	-0.00010793
1.2912	-0.00010805
1.2926	-0.00010817
1.2941	-0.00010829
1.2955	-0.00010841
1.2969	-0.00010853
1.2984	-0.00010865
1.2998	-0.00010877
1.3012	-0.00010889
1.3027	-0.00010901
1.3041	-0.00010913
1.3054	-0.00010925
1.3069	-0.00010937
1.3084	-0.00010949
1.3098	-0.00010961
1.3112	-0.00010973
1.3127	-0.00010985
1.3141	-0.00010997
1.3155	-0.00011009
1.317	-0.00011021
1.3184	-0.00011033
1.3197	-0.00011045
1.3213	-0.00011057
1.3227	-0.00011069
1.3241	-0.00011081
1.3256	-0.00011093
1.327	-0.00011105
1.3284	-0.00011117
1.3299	-0.00011129
1.3313	-0.00011141
1.3327	-0.00011153
1.3342	-0.00011165
1.3356	-0.00011177
1.337	-0.00011189
1.3385	-0.00011201
1.3399	-0.00011213
1.3413	-0.00011225
1.3428	-0.00011237
1.3442	-0.00011249
1.3456	-0.00011261
1.3471	-0.00011272
1.3485	-0.00011284
1.3498	-0.00011296
1.3514	-0.00011308
1.3528	-0.0001132
1.3542	-0.00011332
1.3557	-0.00011344
1.3571	-0.00011356
1.3585	-0.00011368
1.3599	-0.0001138
1.3614	-0.00011392
1.3628	-0.00011404
1.3643	-0.00011416
1.3657	-0.00011428
1.3671	-0.0001144
1.3686	-0.00011452
1.37	-0.00011464
1.3714	-0.00011476
1.3729	-0.00011488
1.3743	-0.000115
1.3757	-0.00011512
1.3771	-0.00011524
1.3786	-0.00011536
1.38	-0.00011548
1.3814	-0.0001156
1.3829	-0.00011572
1.3843	-0.00011584
1.3857	-0.00011596
1.3872	-0.00011608
1.3886	-0.0001162
1.39	-0.00011632
1.3915	-0.00011644
1.3929	-0.00011656
1.3942	-0.00011668
1.3958	-0.0001168
1.3972	-0.00011692
1.3986	-0.00011704
1.4001	-0.00011716
1.4015	-0.00011728
1.4029	-0.0001174
1.4043	-0.00011752
1.4058	-0.00011764
1.4072	-0.00011776
1.4087	-0.00011788
1.4101	-0.000118
1.4115	-0.00011812
1.413	-0.00011824
1.4144	-0.00011836
1.4158	-0.00011848
1.4173	-0.0001186
1.4187	-0.00011872
1.4201	-0.00011884
1.4216	-0.00011896
1.423	-0.00011908
1.4243	-0.0001192
1.4259	-0.00011932
1.4273	-0.00011944
1.4287	-0.00011956
1.4302	-0.00011968
1.4316	-0.0001198
1.433	-0.00011992
1.4344	-0.00012004
1.4359	-0.00012016
1.4373	-0.00012028
1.4388	-0.0001204
1.4402	-0.00012052
1.4416	-0.00012064
1.4431	-0.00012076
1.4445	-0.00012088
1.4459	-0.000121
1.4473	-0.00012112
1.4487	-0.00012124
1.4502	-0.00012136
1.4516	-0.00012148
1.4531	-0.0001216
1.4545	-0.00012172
1.4559	-0.00012184
1.4574	-0.00012196
1.4588	-0.00012208
1.4602	-0.0001222
1.4617	-0.00012232
1.4631	-0.00012244
1.4645	-0.00012256
1.466	-0.00012268
1.4674	-0.0001228
1.4687	-0.00012292
1.4703	-0.00012304
1.4717	-0.00012316
1.4731	-0.00012328
1.4746	-0.0001234
1.476	-0.00012351
1.4774	-0.00012363
1.4788	-0.00012375
1.4803	-0.00012387
1.4817	-0.00012399
1.4832	-0.00012411
1.4846	-0.00012423
1.486	-0.00012435
1.4875	-0.00012447
1.4889	-0.00012459
1.4903	-0.00012471
1.4918	-0.00012483
1.4932	-0.00012495
1.4946	-0.00012507
1.4961	-0.00012519
1.4975	-0.00012531
1.4989	-0.00012543
1.5004	-0.00012555
1.5018	-0.00012567
1.5032	-0.00012579
1.5047	-0.00012591
1.5061	-0.00012603
1.5074	-0.00012615
1.509	-0.00012627
1.5104	-0.00012639
1.5118	-0.00012651
1.5133	-0.00012663
1.5147	-0.00012675
1.5161	-0.00012687
1.5175	-0.00012699
1.519	-0.00012711
1.5204	-0.00012723
1.5218	-0.00012735
1.5232	-0.00012747
1.5247	-0.00012759
1.5261	-0.00012771
1.5276	-0.00012783
1.529	-0.00012795
1.5304	-0.00012807
1.5319	-0.00012819
1.5333	-0.00012831
1.5347	-0.00012843
1.5362	-0.00012855
1.5375	-0.00012867
1.539	-0.00012879
1.5405	-0.00012891
1.5419	-0.00012903
1.5433	-0.00012915
1.5448	-0.00012927
1.5462	-0.00012939
1.5476	-0.00012951
1.5491	-0.00012963
1.5505	-0.00012975
1.5518	-0.00012987
1.5534	-0.00012999
1.5548	-0.00013011
1.5562	-0.00013023
1.5577	-0.00013035
1.5591	-0.00013047
1.5605	-0.00013059
1.562	-0.00013071
1.5634	-0.00013083
1.5648	-0.00013095
1.5663	-0.00013107
1.5676	-0.00013119
1.5691	-0.00013131
1.5706	-0.00013143
1.572	-0.00013155
1.5734	-0.00013167
1.5749	-0.00013179
1.5763	-0.00013191
1.5777	-0.00013203
1.5792	-0.00013215
1.5806	-0.00013227
1.5819	-0.00013239
1.5835	-0.00013251
1.5849	-0.00013263
1.5863	-0.00013275
1.5878	-0.00013287
1.5892	-0.00013299
1.5906	-0.00013311
1.592	-0.00013323
1.5935	-0.00013335
1.5949	-0.00013347
1.5963	-0.00013359
1.5977	-0.00013371
1.5992	-0.00013383
1.6006	-0.00013395
1.6021	-0.00013407
1.6035	-0.00013418
1.6049	-0.0001343
1.6064	-0.00013442
1.6078	-0.00013454
1.6092	-0.00013466
1.6107	-0.00013478
1.612	-0.0001349
1.6135	-0.00013502
1.615	-0.00013514
1.6164	-0.00013526
1.6178	-0.00013538
1.6193	-0.0001355
1.6207	-0.00013562
1.6221	-0.00013574
1.6236	-0.00013586
1.625	-0.00013598
1.6263	-0.0001361
1.6279	-0.00013622
1.6293	-0.00013634
1.6307	-0.00013646
1.6322	-0.00013658
1.6336	-0.0001367
1.635	-0.00013682
1.6364	-0.00013694
1.6379	-0.00013706
1.6393	-0.00013718
1.6408	-0.0001373
1.6421	-0.00013742
1.6436	-0.00013754
1.6451	-0.00013766
1.6465	-0.00013778
1.6479	-0.0001379
1.6494	-0.00013802
1.6508	-0.00013814
1.6522	-0.00013826
1.6537	-0.00013838
1.6551	-0.0001385
1.6564	-0.00013862
1.658	-0.00013874
1.6594	-0.00013886
1.6608	-0.00013898
1.6622	-0.0001391
1.6637	-0.00013922
1.6651	-0.00013934
1.6665	-0.00013946
1.668	-0.00013958
1.6694	-0.0001397
1.6707	-0.00013982
1.6723	-0.00013994
1.6737	-0.00014006
1.6751	-0.00014018
1.6766	-0.0001403
1.678	-0.00014042
1.6794	-0.00014054
1.6808	-0.00014066
1.6823	-0.00014078
1.6837	-0.0001409
1.6852	-0.00014102
1.6865	-0.00014114
1.688	-0.00014126
1.6895	-0.00014138
1.6909	-0.0001415
1.6923	-0.00014162
1.6938	-0.00014174
1.6952	-0.00014186
1.6966	-0.00014198
1.6981	-0.0001421
1.6995	-0.00014222
1.7008	-0.00014234
1.7024	-0.00014246
1.7038	-0.00014258
1.7052	-0.0001427
1.7067	-0.00014282
1.7081	-0.00014294
1.7095	-0.00014306
1.7109	-0.00014318
1.7124	-0.0001433
1.7138	-0.00014342
1.7153	-0.00014354
1.7167	-0.00014366
1.7181	-0.00014378
1.7196	-0.0001439
1.721	-0.00014402
1.7224	-0.00014414
1.7239	-0.00014426
1.7252	-0.00014438
1.7267	-0.0001445
1.7282	-0.00014462
1.7296	-0.00014474
1.7309	-0.00014486
1.7325	-0.00014497
1.7339	-0.00014509
1.7353	-0.00014521
1.7367	-0.00014533
1.7382	-0.00014545
1.7396	-0.00014557
1.741	-0.00014569
1.7425	-0.00014581
1.7439	-0.00014593
1.7452	-0.00014605
1.7468	-0.00014617
1.7482	-0.00014629
1.7496	-0.00014641
1.7511	-0.00014653
1.7525	-0.00014665
1.7539	-0.00014677
1.7553	-0.00014689
1.7568	-0.00014701
1.7582	-0.00014713
1.7597	-0.00014725
1.761	-0.00014737
1.7625	-0.00014749
1.764	-0.00014761
1.7654	-0.00014773
1.7668	-0.00014785
1.7683	-0.00014797
1.7697	-0.00014809
1.7711	-0.00014821
1.7726	-0.00014833
1.774	-0.00014845
1.7753	-0.00014857
1.7769	-0.00014869
1.7783	-0.00014881
1.7797	-0.00014893
1.7812	-0.00014905
1.7826	-0.00014917
1.784	-0.00014929
1.7854	-0.00014941
1.7869	-0.00014953
1.7883	-0.00014965
1.7898	-0.00014977
1.7912	-0.00014989
1.7926	-0.00015001
1.7941	-0.00015013
1.7955	-0.00015025
1.7969	-0.00015037
1.7984	-0.00015049
1.7997	-0.00015061
1.8012	-0.00015073
1.8027	-0.00015085
1.8041	-0.00015097
1.8054	-0.00015109
1.8069	-0.00015121
1.8084	-0.00015133
1.8098	-0.00015145
1.8112	-0.00015157
1.8127	-0.00015169
1.8141	-0.00015181
1.8155	-0.00015193
1.817	-0.00015205
1.8184	-0.00015217
1.8197	-0.00015229
1.8213	-0.00015241
1.8227	-0.00015253
1.8241	-0.00015265
1.8256	-0.00015277
1.827	-0.00015289
1.8284	-0.00015301
1.8298	-0.00015313
1.8313	-0.00015325
1.8327	-0.00015337
1.8342	-0.00015349
1.8356	-0.00015361
1.837	-0.00015373
1.8385	-0.00015385
1.8399	-0.00015397
1.8413	-0.00015409
1.8428	-0.00015421
1.8441	-0.00015433
1.8456	-0.00015445
1.8471	-0.00015457
1.8485	-0.00015469
1.8498	-0.00015481
1.8514	-0.00015493
1.8528	-0.00015505
1.8542	-0.00015517
1.8557	-0.00015529
1.8571	-0.00015541
1.8585	-0.00015553
1.8599	-0.00015564
1.8614	-0.00015576
1.8628	-0.00015588
1.8643	-0.000156
1.8657	-0.00015612
1.8671	-0.00015624
1.8686	-0.00015636
1.87	-0.00015648
1.8714	-0.0001566
1.8729	-0.00015672
1.8742	-0.00015684
1.8757	-0.00015696
1.8771	-0.00015708
1.8786	-0.0001572
1.88	-0.00015732
1.8814	-0.00015744
1.8829	-0.00015756
1.8843	-0.00015768
1.8857	-0.0001578
1.8872	-0.00015792
1.8885	-0.00015804
1.89	-0.00015816
1.8915	-0.00015828
1.8929	-0.0001584
1.8942	-0.00015852
1.8958	-0.00015864
1.8972	-0.00015876
1.8986	-0.00015888
1.9001	-0.000159
1.9015	-0.00015912
1.9029	-0.00015924
1.9043	-0.00015936
1.9058	-0.00015948
1.9072	-0.0001596
1.9087	-0.00015972
1.9101	-0.00015984
1.9115	-0.00015996
1.913	-0.00016008
1.9144	-0.0001602
1.9158	-0.00016032
1.9173	-0.00016044
1.9186	-0.00016056
1.9201	-0.00016068
1.9216	-0.0001608
1.923	-0.00016092
1.9243	-0.00016104
1.9259	-0.00016116
1.9273	-0.00016128
1.9287	-0.0001614
1.9302	-0.00016152
1.9316	-0.00016164
1.933	-0.00016176
1.9344	-0.00016188
1.9359	-0.000162
1.9373	-0.00016212
1.9388	-0.00016224
1.9402	-0.00016236
1.9416	-0.00016248
1.9431	-0.0001626
1.9445	-0.00016272
1.9459	-0.00016284
1.9473	0.00067386
1.9487	0.0015106
1.9502	0.0023473
1.9516	0.003184
1.9531	0.0040207
1.9545	0.0048574
1.9559	0.0056941
1.9574	0.0069492
1.9588	0.0082043
1.9602	0.009041
1.9617	0.01028885
1.963	0.012
1.9645	0.0128
1.966	0.0145
1.9674	0.0157
1.9687	0.017
1.9703	0.0182
1.9717	0.0195
1.9731	0.0212
1.9745	0.0224
1.976	0.0237
1.9774	0.02535
1.9788	0.027
1.9803	0.0287
1.9817	0.03
1.983	0.0312
1.9846	0.0329
1.986	0.034966667
1.9874	0.0371
1.9889	0.0383
1.9903	0.04
1.9917	0.0421
1.9931	0.04375
1.9946	0.04545
1.996	0.0471
1.9973	0.0492
1.9989	0.0513
2.0003	0.0534
2.0017	0.0555
2.0032	0.056733333
2.0046	0.059233333
2.006	0.06135
2.0074	0.063433333
2.0089	0.065933333
2.0103	0.06805
2.0117	0.070133333
2.0132	0.072633333
2.0146	0.075133333
2.016	0.07725
2.0175	0.079333333
2.0189	0.081833333
2.0203	0.084333333
2.0217	0.08645
2.0232	0.088533333
2.0246	0.091033333
2.026	0.093975
2.0275	0.0969
2.0289	0.099
2.0303	0.101066667
2.0318	0.104025
2.0332	0.106933333
2.0346	0.109466667
2.036	0.111966667
2.0375	0.114466667
2.0389	0.1174
2.0403	0.120333333
2.0418	0.123225
2.0432	0.1258
2.0446	0.128275
2.046	0.1312
2.0475	0.13415
2.0489	0.137475
2.0503	0.14
2.0518	0.142525
2.0532	0.14585
2.0546	0.1492
2.0561	0.1517
2.056	0.153
2.0575	0.154633333
2.0589	0.157525
2.0603	0.160925
2.0618	0.16425
2.0632	0.167166667
2.0646	0.1697
2.0661	0.172625
2.0675	0.175975
2.0689	0.179325
2.0703	0.182675
2.0718	0.1856
2.0732	0.188525
2.0746	0.19185
2.0761	0.195225
2.0775	0.198575
2.0789	0.201466667
2.0803	0.204425
2.0818	0.207775
2.0832	0.21154
2.0846	0.2149
2.0861	0.217825
2.0875	0.22115
2.0889	0.2245
2.0903	0.22785
2.0918	0.2308
2.0932	0.2337
2.0946	0.23705
2.0961	0.24084
2.0975	0.244575
2.0989	0.247533333
2.1003	0.25045
2.1018	0.2538
2.1032	0.25754
2.1046	0.261325
2.1061	0.264266667
2.1075	0.267175
2.1089	0.270525
2.1103	0.2743
2.1118	0.27805
2.1132	0.281
2.1146	0.283925
2.1161	0.287275
2.1175	0.29104
2.1189	0.294775
2.1203	0.297733333
2.1218	0.300625
2.1232	0.304
2.1246	0.30776
2.1261	0.311133333
2.1275	0.31405
2.1289	0.3174
2.1303	0.32075
2.1318	0.324075
2.1332	0.32745
2.1346	0.330366667
2.136	0.33325
2.1375	0.336625
2.1389	0.3404
2.1403	0.343733333
2.1418	0.346266667
2.1432	0.3496
2.1446	0.353375
2.1461	0.356725
2.1475	0.359666667
2.1489	0.362166667
2.1504	0.365075
2.1518	0.368425
2.1532	0.37175
2.1546	0.374733333
2.1561	0.377625
2.1575	0.380975
2.1589	0.38435
2.1604	0.387266667
2.1618	0.389766667
2.1632	0.392725
2.1646	0.395633333
2.1661	0.39855
2.1675	0.4019
2.1689	0.404833333
2.1703	0.4073
2.1718	0.410275
2.1732	0.413166667
2.1746	0.41615
2.1761	0.41865
2.1775	0.42115
2.1789	0.424066667
2.1804	0.427025
2.1818	0.429933333
2.1832	0.432466667
2.1847	0.434966667
2.1861	0.437433333
2.1875	0.439966667
2.1889	0.4425
2.1904	0.445
2.1918	0.4475
2.1932	0.450033333
2.1947	0.452533333
2.1961	0.455033333
2.1975	0.45715
2.199	0.4588
2.1989	0.4601
2.2004	0.461733333
2.2018	0.464266667
2.2032	0.466766667
2.2046	0.46885
2.2061	0.4709
2.2075	0.473466667
2.209	0.475966667
2.2104	0.47805
2.2118	0.4797
2.2133	0.4809
2.2132	0.48225
2.2147	0.4839
2.2161	0.486
2.2175	0.4881
2.219	0.4898
2.2204	0.49145
2.2218	0.493533333
2.2233	0.4956
2.2247	0.4973
2.2261	0.499
2.2276	0.50065
2.229	0.5023
2.2304	0.504
2.2318	0.5057
2.2333	0.50735
2.2347	0.50895
2.2361	0.51065
2.2376	0.51235
2.2389	0.5135
2.2404	0.51485
2.2419	0.51655
2.2433	0.5182
2.2447	0.5194
2.2462	0.5207
2.2476	0.5224
2.249	0.5237
2.2504	0.5249
2.2519	0.5262
2.2533	0.527
2.2547	0.52825
2.2562	0.5295
2.2576	0.5308
2.259	0.532
2.2605	0.5329
2.2619	0.5337
2.2633	0.53495
2.2648	0.5362
2.2662	0.537
2.2676	0.5379
2.2691	0.5387
2.2705	0.5396
2.2719	0.5404
2.2734	0.5412
2.2748	0.5421
2.2762	0.5429
2.2776	0.5436
2.2791	0.5446
2.2805	0.5446
2.2819	0.54495
2.2833	0.5458
2.2848	0.5463
2.2862	0.5471
2.2877	0.5471
2.2891	0.5479
2.2905	0.5488
2.292	0.5488
2.2934	0.5495
2.2948	0.5495
2.2963	0.5504
2.2977	0.5504
2.2991	0.5513
